{
 "cells": [
  {
   "cell_type": "code",
   "execution_count": 1,
   "metadata": {
    "collapsed": true
   },
   "outputs": [],
   "source": [
    "import tensorflow as tf\n",
    "import numpy as np\n"
   ]
  },
  {
   "cell_type": "code",
   "execution_count": 2,
   "metadata": {},
   "outputs": [],
   "source": [
    "from __future__ import absolute_import\n",
    "from __future__ import division\n",
    "from __future__ import print_function"
   ]
  },
  {
   "cell_type": "code",
   "execution_count": 3,
   "metadata": {},
   "outputs": [],
   "source": [
    "tf.logging.set_verbosity(tf.logging.INFO)\n"
   ]
  },
  {
   "cell_type": "code",
   "execution_count": 4,
   "metadata": {},
   "outputs": [],
   "source": [
    "def cnn_model_fn(features, labels, mode):\n",
    "  \"\"\"Model function for CNN.\"\"\"\n",
    "  # Input Layer\n",
    "    # [batch_size, image_width, image_height, channels]\n",
    "    # because the images are black, we only have one channel\n",
    "    # -1 for batch_size means that the dimension should be calculated dynamically based on the number of input values in features[\"x\"]\n",
    "  input_layer = tf.reshape(features[\"x\"], [-1, 28, 28, 1])\n",
    "\n",
    "  # Convolutional Layer #1\n",
    "    # the activation map / tensor produced by this convolutional layer is [batch_size,28,28,32]\n",
    "  conv1 = tf.layers.conv2d(\n",
    "      inputs=input_layer, # input tensor with the shape [batch_size, image_width, image_height, channels]\n",
    "      filters=32, # number of filters to apply\n",
    "      kernel_size=[5, 5], # dimensions of the filter\n",
    "      padding=\"same\", # keeps the activation map the same widht and height as the input, adding 0 values as padding, without padding it will be 24x24\n",
    "      activation=tf.nn.relu)\n",
    "\n",
    "  # Pooling Layer #1\n",
    "    # the input will be conv1 with a shape of [batch_size,28,28,32] \n",
    "    # the pooling filter is 2x2 and the stride is 2 so that the regions do not overlap\n",
    "    # the output of the pooling layer will be [batch_size, 14, 14, 32]\n",
    "  pool1 = tf.layers.max_pooling2d(inputs=conv1, pool_size=[2, 2], strides=2)\n",
    "\n",
    "  # Convolutional Layer #2 \n",
    "    # a second convolutional layer with double the nr of filters\n",
    "    # the input has a shape of [batch_size, 14, 14, 32]\n",
    "    # and the output has a shape of [batch_size, 14, 14, 64]\n",
    "  conv2 = tf.layers.conv2d(\n",
    "      inputs=pool1,\n",
    "      filters=64,\n",
    "      kernel_size=[5, 5],\n",
    "      padding=\"same\",\n",
    "      activation=tf.nn.relu)\n",
    "\n",
    "  # Pooling Layer #2\n",
    "    # the output of pool2 is [batch_size, 7, 7, 64]\n",
    "  pool2 = tf.layers.max_pooling2d(inputs=conv2, pool_size=[2, 2], strides=2)\n",
    "\n",
    "  # Dense Layer / fully connected\n",
    "    # here we flatten our feature map to [batch_size, features] so that we have only 2 dimentsions\n",
    "    # the output tensor will have a shape of [batch_size, 3136] . 3136 from  7 * 7 * 64 \n",
    "  pool2_flat = tf.reshape(pool2, [-1, 7 * 7 * 64]) \n",
    "    \n",
    "    # the input specifies our input tensor \n",
    "    # the units are the number of our neurons the dense layer\n",
    "  dense = tf.layers.dense(inputs=pool2_flat, units=1024, activation=tf.nn.relu)\n",
    "    \n",
    "    # dropout regularization -> good to prevent overfitting \n",
    "    # 0.4 rate means that 40% of the elements will be randomly dropped out during training\n",
    "    # the network will become smaller and it will be easier to train\n",
    "    # the output here will have a shape of [batch_size, 1024]\n",
    "  dropout = tf.layers.dropout(\n",
    "      inputs=dense, rate=0.4, training=mode == tf.estimator.ModeKeys.TRAIN)\n",
    "\n",
    "  # Logits Layer\n",
    "    # it outputs the values that are going to be the input of the softmax function\n",
    "    # this is the final layer that will return the raw values for our predictions\n",
    "    # it has 10 neurons, one for each target class\n",
    "    # it uses linear activation which is the default\n",
    "    # the output has a shape [batch_size, 10]\n",
    "  logits = tf.layers.dense(inputs=dropout, units=10)\n",
    "\n",
    "  # we put our predictions in a dictionary\n",
    "  predictions = {\n",
    "      # Generate predictions (for PREDICT and EVAL (evaluation) mode)\n",
    "      # for example, is it a 1, a 3 etc. from 0 to 9\n",
    "      # we use argmax to extract the highest raw value from the logits tensor\n",
    "      \"classes\": tf.argmax(input=logits, axis=1),\n",
    "      # Add `softmax_tensor` to the graph. It is used for PREDICT and by the\n",
    "      # `logging_hook`.\n",
    "      # the probabilities that it is a 1,3, 5 etc.\n",
    "      \"probabilities\": tf.nn.softmax(logits, name=\"softmax_tensor\")\n",
    "  }\n",
    "  \n",
    "  # and return an EstimatorSpec object from our dict\n",
    "  if mode == tf.estimator.ModeKeys.PREDICT:\n",
    "    return tf.estimator.EstimatorSpec(mode=mode, predictions=predictions)\n",
    "\n",
    "  # Calculate Loss (for both TRAIN and EVAL mode\n",
    "  # see how closely the model's predictions match the target classes\n",
    "  loss = tf.losses.sparse_softmax_cross_entropy(labels=labels, logits=logits)\n",
    "\n",
    "  # Configure the Training Op (for TRAIN mode)\n",
    "  # optimize the loss during training with stochastic descent\n",
    "  if mode == tf.estimator.ModeKeys.TRAIN:\n",
    "    optimizer = tf.train.GradientDescentOptimizer(learning_rate=0.001)\n",
    "    train_op = optimizer.minimize(\n",
    "        loss=loss,\n",
    "        global_step=tf.train.get_global_step())\n",
    "    return tf.estimator.EstimatorSpec(mode=mode, loss=loss, train_op=train_op)\n",
    "\n",
    "  # Add evaluation metrics (for EVAL mode), like accuracy\n",
    "  eval_metric_ops = {\n",
    "      \"accuracy\": tf.metrics.accuracy(\n",
    "          labels=labels, predictions=predictions[\"classes\"])}\n",
    "  return tf.estimator.EstimatorSpec(\n",
    "      mode=mode, loss=loss, eval_metric_ops=eval_metric_ops)"
   ]
  },
  {
   "cell_type": "code",
   "execution_count": 9,
   "metadata": {},
   "outputs": [],
   "source": [
    "# train and test data\n",
    "def main(unused_argv):\n",
    "    # Load training and eval data\n",
    "    mnist = tf.contrib.learn.datasets.load_dataset(\"mnist\")\n",
    "    train_data = mnist.train.images # Returns np.array\n",
    "    train_labels = np.asarray(mnist.train.labels, dtype=np.int32)\n",
    "    eval_data = mnist.test.images # Returns np.array\n",
    "    eval_labels = np.asarray(mnist.test.labels, dtype=np.int32)\n",
    "    \n",
    "    # Create the Estimator, which is the main thing that trains and evaluates\n",
    "    # we chose the model cnn_model_fn that we created above\n",
    "    mnist_classifier = tf.estimator.Estimator(\n",
    "        model_fn=cnn_model_fn, model_dir=\"/tmp/mnist_convnet_model\")\n",
    "\n",
    "    # Set up logging for predictions\n",
    "    tensors_to_log = {\"probabilities\": \"softmax_tensor\"}\n",
    "    logging_hook = tf.train.LoggingTensorHook(\n",
    "      tensors=tensors_to_log, every_n_iter=50)\n",
    "\n",
    "    # Train the model\n",
    "    train_input_fn = tf.estimator.inputs.numpy_input_fn(\n",
    "        x={\"x\": train_data},\n",
    "        y=train_labels,\n",
    "        batch_size=100,\n",
    "        num_epochs=None,\n",
    "        shuffle=True)\n",
    "    mnist_classifier.train(\n",
    "        input_fn=train_input_fn,\n",
    "        steps=600,\n",
    "        hooks=[logging_hook])\n",
    "\n",
    "    # Evaluate the model and print results\n",
    "    eval_input_fn = tf.estimator.inputs.numpy_input_fn(\n",
    "        x={\"x\": eval_data},\n",
    "        y=eval_labels,\n",
    "        num_epochs=1,\n",
    "        shuffle=False)\n",
    "    eval_results = mnist_classifier.evaluate(input_fn=eval_input_fn)\n",
    "    print(eval_results)\n",
    "\n"
   ]
  },
  {
   "cell_type": "code",
   "execution_count": 10,
   "metadata": {
    "collapsed": false
   },
   "outputs": [
    {
     "name": "stdout",
     "output_type": "stream",
     "text": [
      "Extracting MNIST-data/train-images-idx3-ubyte.gz\n"
     ]
    },
    {
     "name": "stdout",
     "output_type": "stream",
     "text": [
      "Extracting MNIST-data/train-labels-idx1-ubyte.gz\nExtracting MNIST-data/t10k-images-idx3-ubyte.gz\nExtracting MNIST-data/t10k-labels-idx1-ubyte.gz\n"
     ]
    },
    {
     "name": "stdout",
     "output_type": "stream",
     "text": [
      "INFO:tensorflow:Using default config.\n"
     ]
    },
    {
     "name": "stdout",
     "output_type": "stream",
     "text": [
      "INFO:tensorflow:Using config: {'_model_dir': './logs/model', '_tf_random_seed': None, '_save_summary_steps': 100, '_save_checkpoints_steps': None, '_save_checkpoints_secs': 600, '_session_config': None, '_keep_checkpoint_max': 5, '_keep_checkpoint_every_n_hours': 10000, '_log_step_count_steps': 100, '_service': None, '_cluster_spec': <tensorflow.python.training.server_lib.ClusterSpec object at 0x110b5d7b8>, '_task_type': 'worker', '_task_id': 0, '_master': '', '_is_chief': True, '_num_ps_replicas': 0, '_num_worker_replicas': 1}\n"
     ]
    },
    {
     "name": "stdout",
     "output_type": "stream",
     "text": [
      "INFO:tensorflow:Create CheckpointSaverHook.\n"
     ]
    },
    {
     "name": "stdout",
     "output_type": "stream",
     "text": [
      "INFO:tensorflow:Saving checkpoints for 1 into ./logs/model/model.ckpt.\n"
     ]
    },
    {
     "name": "stdout",
     "output_type": "stream",
     "text": [
      "INFO:tensorflow:probabilities = [[ 0.09386866  0.10020785  0.10799722  0.10164531  0.10421458  0.09976099\n   0.09986246  0.09673665  0.09697974  0.09872651]\n [ 0.08791501  0.09718952  0.10614897  0.10266588  0.09589843  0.10213365\n   0.10192207  0.10461821  0.10327264  0.09823553]\n [ 0.09817167  0.08821969  0.1191124   0.10954744  0.0826124   0.10494737\n   0.08767379  0.09813005  0.10415315  0.10743207]\n [ 0.09515859  0.10044593  0.09933776  0.09980513  0.10531331  0.10750398\n   0.10535887  0.10066018  0.09669182  0.08972444]\n [ 0.09257834  0.09154241  0.10801873  0.11357621  0.08836579  0.10609218\n   0.10311369  0.10061488  0.10039892  0.09569895]\n [ 0.09391358  0.0936808   0.10552988  0.10384461  0.09808095  0.11442602\n   0.09998614  0.09549248  0.09701466  0.09803088]\n [ 0.09269571  0.09385654  0.11121346  0.10038802  0.09628692  0.10427695\n   0.10740999  0.0992427   0.0963233   0.0983064 ]\n [ 0.0968628   0.09216785  0.10750818  0.11502329  0.08857295  0.11256681\n   0.10684699  0.09137189  0.08822925  0.10084996]\n [ 0.10090877  0.09129405  0.10002776  0.10789357  0.09416395  0.11048894\n   0.10322483  0.09340598  0.10179928  0.09679294]\n [ 0.10109241  0.10228068  0.09985394  0.10320043  0.09368861  0.11439835\n   0.09696647  0.10189476  0.09643279  0.0901916 ]\n [ 0.10025261  0.09441133  0.10491957  0.10187808  0.10240592  0.11019901\n   0.10382589  0.0895102   0.09781789  0.09477957]\n [ 0.10087655  0.10054859  0.10072773  0.10480735  0.10365578  0.10421196\n   0.11080945  0.09783971  0.09016249  0.08636037]\n [ 0.09243603  0.10983757  0.1094211   0.10919438  0.09251746  0.09938993\n   0.09957981  0.10282451  0.08807343  0.09672577]\n [ 0.09696433  0.09534048  0.09980293  0.116585    0.09861351  0.11194777\n   0.09425161  0.1010013   0.08734153  0.09815144]\n [ 0.09217315  0.10301752  0.10388423  0.10898013  0.10532255  0.09805655\n   0.10421725  0.09605896  0.0889802   0.09930946]\n [ 0.09437616  0.0950968   0.11286227  0.12097465  0.09501471  0.0933665\n   0.09281624  0.10052193  0.1028098   0.09216091]\n [ 0.09410898  0.10260066  0.10448018  0.10272647  0.10147572  0.10339497\n   0.10910763  0.0920868   0.09437112  0.0956475 ]\n [ 0.09486769  0.1063856   0.10417964  0.10727841  0.08570271  0.10906671\n   0.10747739  0.10034496  0.08180603  0.10289089]\n [ 0.09896089  0.10062541  0.10575721  0.12338479  0.08913333  0.09447169\n   0.0960037   0.11013915  0.09375606  0.08776774]\n [ 0.09394607  0.09958234  0.11075345  0.11770862  0.08824547  0.11758431\n   0.09916654  0.09125309  0.08912763  0.09263249]\n [ 0.09804077  0.10968333  0.09934919  0.10468114  0.09367179  0.09932697\n   0.09661266  0.09938559  0.09624314  0.10300542]\n [ 0.09895884  0.09885756  0.10647477  0.10508836  0.10204995  0.10433848\n   0.10419066  0.10218543  0.08644573  0.09141022]\n [ 0.094625    0.09289927  0.10550422  0.11224643  0.09736339  0.1070253\n   0.1065844   0.10440373  0.09162825  0.08771995]\n [ 0.08718774  0.09410945  0.10391673  0.10941432  0.09267746  0.10401698\n   0.10383357  0.10553856  0.09305972  0.10624542]\n [ 0.10016678  0.09889245  0.094777    0.10100885  0.10670783  0.11070397\n   0.10342056  0.10029583  0.08942315  0.09460355]\n [ 0.09550051  0.10839861  0.11292417  0.10709567  0.09609267  0.10215694\n   0.09757394  0.09169867  0.09554499  0.0930138 ]\n [ 0.09835626  0.09023796  0.11098375  0.12158811  0.09514283  0.09226479\n   0.0932848   0.10216833  0.10284917  0.09312402]\n [ 0.0899834   0.10066067  0.11486765  0.11376478  0.09036873  0.10877351\n   0.10146219  0.09380218  0.08836346  0.09795348]\n [ 0.09539921  0.09225032  0.10513452  0.10045372  0.10385428  0.10450278\n   0.10044356  0.1025857   0.09824064  0.09713525]\n [ 0.09570677  0.09976874  0.11120342  0.11123176  0.09327833  0.08946057\n   0.09809433  0.10969594  0.09652294  0.09503716]\n [ 0.09509207  0.09437834  0.10455358  0.11585958  0.09691044  0.10991713\n   0.10051832  0.09896999  0.08777479  0.09602571]\n [ 0.09294239  0.0977281   0.10124356  0.10869192  0.10387298  0.1061343\n   0.09441006  0.09581496  0.09861487  0.10054693]\n [ 0.09960521  0.09097246  0.10422458  0.10526108  0.09436513  0.10901641\n   0.10303319  0.10571445  0.08982497  0.09798254]\n [ 0.09391463  0.10373145  0.09967408  0.10228892  0.10809991  0.10653082\n   0.10318761  0.10409313  0.08657461  0.09190486]\n [ 0.0967896   0.09643976  0.10378449  0.10109623  0.10210425  0.10497875\n   0.1020574   0.10194203  0.09257801  0.09822946]\n [ 0.094356    0.10419214  0.10008111  0.10445443  0.10347644  0.10351776\n   0.10394484  0.10087924  0.0953439   0.08975413]\n [ 0.09310471  0.09716725  0.10246015  0.10347323  0.10815091  0.10782648\n   0.10482544  0.09943848  0.08656283  0.09699054]\n [ 0.09376609  0.09967497  0.09426171  0.10601988  0.10384804  0.10527772\n   0.10206933  0.10592046  0.09476518  0.09439661]\n [ 0.10211598  0.09340912  0.10117942  0.10740525  0.09638548  0.10203387\n   0.1033255   0.10735028  0.08815388  0.09864122]\n [ 0.09449776  0.09502187  0.10368883  0.10904992  0.09613124  0.11445703\n   0.10340055  0.09191928  0.09466815  0.09716537]\n [ 0.09523296  0.09541004  0.10464832  0.11876328  0.09854198  0.1083526\n   0.10062435  0.09348674  0.09675346  0.08818627]\n [ 0.1044425   0.09026907  0.10091382  0.09628918  0.10754269  0.11306683\n   0.10368095  0.0902368   0.09537979  0.09817839]\n [ 0.08949859  0.09814654  0.112287    0.10604459  0.09285665  0.11045665\n   0.10218055  0.10559845  0.08726633  0.09566457]\n [ 0.10233566  0.09698098  0.10096762  0.10516376  0.09571178  0.10758161\n   0.09831311  0.10957926  0.08580074  0.09756541]\n [ 0.09708507  0.1003141   0.10152895  0.10391317  0.10185537  0.10507437\n   0.10330322  0.10222825  0.09469912  0.08999845]\n [ 0.09917697  0.09631268  0.10886167  0.10696477  0.08680668  0.11074384\n   0.09511623  0.10063947  0.09585638  0.09952126]\n [ 0.0905875   0.10273753  0.10629551  0.10071433  0.10308871  0.11066478\n   0.09077492  0.09813206  0.09799776  0.09900685]\n [ 0.09197407  0.09501183  0.10287958  0.11254529  0.09779365  0.09596295\n   0.10139702  0.10513583  0.09796228  0.09933743]\n [ 0.09463125  0.09747865  0.10451674  0.1091283   0.11077679  0.1057396\n   0.09825107  0.09521209  0.08923731  0.09502809]\n [ 0.103882    0.10188395  0.09396205  0.10091874  0.09797189  0.11112377\n   0.09716833  0.10599816  0.08947738  0.09761374]\n [ 0.09570985  0.09444496  0.10495935  0.10634551  0.10343295  0.09425705\n   0.10446031  0.10355769  0.09201358  0.10081883]\n [ 0.09760772  0.09578573  0.10449203  0.11517966  0.09828633  0.09798943\n   0.09982441  0.10527834  0.08825421  0.09730218]\n [ 0.09779093  0.09813235  0.0992943   0.11130811  0.09323175  0.09575587\n   0.1015113   0.10967042  0.09238654  0.10091839]\n [ 0.08658986  0.09686392  0.09935753  0.11286603  0.09656921  0.11024702\n   0.08920389  0.10189601  0.09760213  0.10880443]\n [ 0.09976013  0.09190854  0.10206898  0.10809743  0.1036478   0.11332297\n   0.10157746  0.08792452  0.10029474  0.09139737]\n [ 0.09477034  0.09970493  0.09950385  0.10254568  0.1056171   0.11145972\n   0.10135551  0.09825047  0.09459272  0.09219967]\n [ 0.09772549  0.10392397  0.09504815  0.10449348  0.09826704  0.10693625\n   0.09714828  0.10146672  0.091802    0.10318854]\n [ 0.09849664  0.09871893  0.10276471  0.11308222  0.09178189  0.10736472\n   0.09351871  0.10178009  0.09321294  0.09927917]\n [ 0.09840725  0.09447237  0.10332619  0.09750579  0.08855316  0.10526348\n   0.1127793   0.10827272  0.09035295  0.10106682]\n [ 0.10821819  0.0960042   0.1126782   0.11887818  0.08995675  0.09658292\n   0.0932658   0.09784942  0.08191695  0.10464942]\n [ 0.09291983  0.10112564  0.10087878  0.11107825  0.09781369  0.10898683\n   0.09983244  0.10584823  0.08718847  0.09432784]\n [ 0.09181086  0.09024987  0.10036518  0.11162733  0.08939928  0.11491556\n   0.10541967  0.11090659  0.08726332  0.09804242]\n [ 0.09947909  0.10358853  0.10592456  0.10723945  0.10968441  0.10556346\n   0.09632825  0.09059543  0.08592173  0.09567508]\n [ 0.09677803  0.09661005  0.10576293  0.10047182  0.09747693  0.11140697\n   0.10365537  0.10476683  0.09341084  0.08966021]\n [ 0.091901    0.0949165   0.11558285  0.11127611  0.09360041  0.10631906\n   0.09946053  0.09525714  0.09072518  0.10096127]\n [ 0.09876937  0.10221955  0.09787603  0.11180991  0.0985542   0.10626335\n   0.10762698  0.09507018  0.09159174  0.09021868]\n [ 0.0935458   0.09834249  0.10594939  0.11047321  0.10154089  0.10509869\n   0.10152125  0.09541257  0.09543232  0.09268344]\n [ 0.09790816  0.09334854  0.10285228  0.11596124  0.0857558   0.11167015\n   0.1001312   0.09809386  0.0997791   0.09449969]\n [ 0.0935032   0.0976206   0.11023265  0.10000238  0.09848437  0.1133178\n   0.09395631  0.1026933   0.09302938  0.09715995]\n [ 0.08967931  0.10350464  0.11159479  0.10726013  0.10029531  0.10022265\n   0.10022763  0.09372039  0.09914255  0.09435254]\n [ 0.08982638  0.09827128  0.10833117  0.11634336  0.09570488  0.10262834\n   0.10447681  0.09464125  0.09270792  0.09706859]\n [ 0.09141319  0.09950646  0.10196098  0.10029648  0.10320237  0.10153096\n   0.10539582  0.09753038  0.10409468  0.09506865]\n [ 0.09145817  0.09152824  0.1072504   0.10070334  0.10432717  0.10397451\n   0.10247587  0.10379047  0.09595746  0.09853435]\n [ 0.09844109  0.09291493  0.10263781  0.1084106   0.09957929  0.10661449\n   0.10485357  0.09838867  0.09462149  0.09353807]\n [ 0.09144697  0.09696314  0.10847424  0.11559851  0.10196856  0.09757813\n   0.1001968   0.10659824  0.09007622  0.09109921]\n [ 0.09358524  0.09525422  0.11134777  0.10567906  0.10098695  0.10325962\n   0.0988099   0.09065044  0.09429941  0.10612744]\n [ 0.09163023  0.10407201  0.11316642  0.11882035  0.09076149  0.09478146\n   0.1013237   0.09830564  0.08601726  0.10112151]\n [ 0.09987107  0.09989422  0.10543326  0.10625671  0.09818926  0.10072528\n   0.10808279  0.1009855   0.09376537  0.08679654]\n [ 0.08725098  0.09830172  0.11185926  0.10925326  0.10319445  0.11039839\n   0.0923546   0.10631168  0.09205782  0.08901781]\n [ 0.09943877  0.0996946   0.10580834  0.10956962  0.0935998   0.10335334\n   0.09925564  0.10048813  0.09452906  0.09426266]\n [ 0.09213815  0.09929818  0.11250384  0.09726255  0.10488766  0.1068353\n   0.1006254   0.10076661  0.09455223  0.09113005]\n [ 0.09165633  0.08777404  0.10959832  0.11285038  0.09713848  0.10314596\n   0.10379606  0.10207961  0.09456337  0.09739739]\n [ 0.1010092   0.09493842  0.10362841  0.10030847  0.10557793  0.10378694\n   0.10733302  0.09811182  0.08842426  0.09688149]\n [ 0.09168532  0.0933094   0.10214536  0.10418588  0.09834349  0.11646023\n   0.10511467  0.10211374  0.09074745  0.09589451]\n [ 0.09224053  0.09637576  0.11280035  0.11711916  0.096937    0.10406838\n   0.09646174  0.09633943  0.09781582  0.08984188]\n [ 0.09964765  0.10023282  0.10021587  0.10131045  0.09639997  0.1018265\n   0.10852583  0.09900599  0.09104805  0.10178684]\n [ 0.09842943  0.10185324  0.102254    0.10066313  0.10315932  0.10788988\n   0.1033432   0.09610624  0.09062723  0.09567435]\n [ 0.08422476  0.09761968  0.1109248   0.10921793  0.10033011  0.10823736\n   0.11221941  0.09605815  0.08312733  0.09804045]\n [ 0.09320299  0.09570182  0.10151199  0.11256106  0.09424763  0.10594775\n   0.09936766  0.09473138  0.10677462  0.09595306]\n [ 0.08303902  0.0935429   0.10837328  0.10738814  0.09181977  0.11485857\n   0.10181715  0.09700776  0.10558975  0.09656376]\n [ 0.088843    0.10407319  0.10127769  0.11392891  0.097975    0.10311398\n   0.1031209   0.10350525  0.09354053  0.0906215 ]\n [ 0.09292597  0.09524     0.11136531  0.11057362  0.10230582  0.10302399\n   0.09802268  0.09913085  0.09308124  0.09433053]\n [ 0.09194637  0.09786317  0.11195198  0.1034805   0.10275806  0.11016343\n   0.10462411  0.09688417  0.0886177   0.09171051]\n [ 0.09577203  0.09753253  0.10061641  0.10318613  0.09538979  0.10762972\n   0.11516564  0.09788274  0.08739813  0.09942689]\n [ 0.10159463  0.08679312  0.10601135  0.11443745  0.08822244  0.1128599\n   0.10914735  0.09352346  0.09955373  0.08785652]\n [ 0.09630092  0.09847572  0.10529099  0.10649983  0.09081224  0.11757791\n   0.10090991  0.10191225  0.08969145  0.09252878]\n [ 0.10081748  0.09861056  0.10572608  0.11097522  0.09477972  0.1045234\n   0.10840922  0.10099573  0.08878442  0.08637823]\n [ 0.09837541  0.09738159  0.09880972  0.10749473  0.09834021  0.1103214\n   0.10194108  0.09117415  0.09771883  0.09844294]\n [ 0.09702504  0.10187613  0.10401797  0.09961755  0.09825455  0.10152211\n   0.09661607  0.10282421  0.10150947  0.09673689]\n [ 0.09427971  0.1002153   0.09590273  0.11702311  0.10359719  0.09915764\n   0.09640856  0.10830104  0.09213667  0.09297803]]\n"
     ]
    },
    {
     "name": "stdout",
     "output_type": "stream",
     "text": [
      "INFO:tensorflow:loss = 2.29733, step = 1\n"
     ]
    },
    {
     "name": "stdout",
     "output_type": "stream",
     "text": [
      "INFO:tensorflow:probabilities = [[ 0.09595516  0.09470559  0.10999798  0.10554983  0.09224129  0.10897294\n   0.10371313  0.09617057  0.09245185  0.10024168]\n [ 0.10470031  0.1002721   0.10507689  0.11112913  0.08624145  0.10930876\n   0.09811343  0.1007333   0.09486055  0.08956409]\n [ 0.0983583   0.09637757  0.1107982   0.11233587  0.09286921  0.10890453\n   0.09495897  0.10063981  0.09367035  0.09108727]\n [ 0.09870634  0.0952324   0.10737729  0.11654337  0.08756107  0.10825756\n   0.10113663  0.08479799  0.10177731  0.09861002]\n [ 0.08614603  0.1044739   0.10582796  0.10891817  0.10394135  0.10413671\n   0.10249645  0.09698463  0.08554263  0.10153221]\n [ 0.09506682  0.10113981  0.10710322  0.10838562  0.10177023  0.11034547\n   0.11059911  0.08811337  0.08747299  0.09000339]\n [ 0.09564083  0.09831967  0.10880584  0.10877201  0.09371231  0.09737015\n   0.10611743  0.10054044  0.09759896  0.09312236]\n [ 0.09639165  0.09701515  0.10700887  0.10474616  0.09852679  0.11270037\n   0.0945542   0.10066042  0.09863194  0.08976445]\n [ 0.10348426  0.09427451  0.10525166  0.11104681  0.09203921  0.10407419\n   0.09386922  0.0916552   0.10178617  0.1025188 ]\n [ 0.0989209   0.09779787  0.09857942  0.09905774  0.10349964  0.11008657\n   0.10443158  0.09641399  0.09575228  0.09545993]\n [ 0.08946257  0.0986862   0.10362403  0.11327497  0.09019107  0.10942632\n   0.0999738   0.09840599  0.10068766  0.09626744]\n [ 0.09721985  0.09041528  0.1068484   0.10588849  0.10057214  0.10225094\n   0.0958629   0.10694238  0.09563433  0.09836537]\n [ 0.09649362  0.09852621  0.10674721  0.09797531  0.09689095  0.10883686\n   0.09964555  0.10299276  0.09435129  0.0975402 ]\n [ 0.09449811  0.09503293  0.10366455  0.12056406  0.09587771  0.10707899\n   0.10301846  0.09052431  0.09703364  0.09270723]\n [ 0.09668518  0.10627756  0.09533327  0.10349447  0.10567143  0.10735857\n   0.09972287  0.09510337  0.09747072  0.09288257]\n [ 0.09642281  0.10337252  0.11151773  0.10256941  0.09425013  0.108651\n   0.09534007  0.09953513  0.08614539  0.10219583]\n [ 0.1029254   0.09318502  0.09882778  0.10380256  0.10030276  0.11308535\n   0.10032976  0.09458896  0.09768046  0.09527194]\n [ 0.09169557  0.09993114  0.09694622  0.1055555   0.10075551  0.10618402\n   0.11441594  0.09369287  0.0907056   0.10011767]\n [ 0.09825274  0.10209655  0.09905336  0.10216158  0.10316654  0.10697156\n   0.10143153  0.10246923  0.09573186  0.08866504]\n [ 0.09988791  0.09859769  0.10910572  0.09770047  0.09456627  0.1008302\n   0.10287847  0.09680089  0.10544437  0.09418813]\n [ 0.09215865  0.09587467  0.11551858  0.10629151  0.09396697  0.10152569\n   0.10795391  0.09853598  0.09081164  0.09736237]\n [ 0.09889106  0.09564665  0.11082413  0.11590185  0.08995281  0.10877599\n   0.10112383  0.09576584  0.09256633  0.09055149]\n [ 0.0985145   0.09103612  0.10262601  0.10654523  0.10330223  0.11139309\n   0.09842594  0.10181915  0.08777085  0.09856685]\n [ 0.09497229  0.09249163  0.11045159  0.1058013   0.09259261  0.10730957\n   0.1058324   0.09137473  0.09426433  0.10490954]\n [ 0.09067848  0.0955788   0.11440872  0.10494423  0.08158883  0.11557923\n   0.09964688  0.10338949  0.09309145  0.10109393]\n [ 0.10138979  0.0940154   0.10210662  0.10233157  0.09856465  0.10549159\n   0.1009297   0.09468202  0.09829148  0.10219722]\n [ 0.09569074  0.08597388  0.10974257  0.10581332  0.09499689  0.10402752\n   0.10490602  0.09099525  0.09715127  0.11070256]\n [ 0.10432014  0.0929784   0.10463253  0.10418755  0.0996822   0.09959766\n   0.09835671  0.09871372  0.10040925  0.09712187]\n [ 0.09528034  0.08870109  0.11648165  0.09714259  0.09162056  0.12040772\n   0.09868643  0.09596743  0.09536042  0.10035171]\n [ 0.09727419  0.10181857  0.10167572  0.10929885  0.09010015  0.11429233\n   0.10726919  0.09779819  0.08829584  0.09217702]\n [ 0.09384948  0.10458317  0.10917438  0.09687351  0.0945247   0.1069475\n   0.10560327  0.10384062  0.09041288  0.09419052]\n [ 0.09669244  0.09832499  0.10875569  0.11004746  0.10014531  0.09617317\n   0.10081213  0.09862269  0.09579121  0.09463494]\n [ 0.09538016  0.10275665  0.10384991  0.10448568  0.09415316  0.10088678\n   0.10340767  0.09671146  0.09428458  0.10408401]\n [ 0.09676997  0.098653    0.10274846  0.11384341  0.10191325  0.10380621\n   0.09641265  0.10179894  0.09125143  0.09280269]\n [ 0.09691996  0.09611118  0.10000477  0.11046609  0.09566612  0.10092777\n   0.09963667  0.10565353  0.09761661  0.09699729]\n [ 0.10288855  0.09984576  0.10784265  0.10798047  0.09473363  0.10834821\n   0.09662834  0.09324155  0.08888147  0.09960938]\n [ 0.0970834   0.09960892  0.10604524  0.11554608  0.08395328  0.10755922\n   0.09940226  0.10240972  0.0997165   0.08867539]\n [ 0.09567066  0.10112491  0.10372592  0.11086976  0.09795435  0.09778342\n   0.10368195  0.10175808  0.09083715  0.09659383]\n [ 0.0904091   0.09698541  0.11037971  0.10502125  0.09486277  0.10226218\n   0.09941132  0.10661781  0.09598066  0.09806975]\n [ 0.09886728  0.10116193  0.10683337  0.10632554  0.08620423  0.10689853\n   0.10299255  0.1019723   0.08468111  0.10406321]\n [ 0.08810445  0.09146639  0.10341103  0.11315783  0.09162229  0.10537679\n   0.10166922  0.10689001  0.09802617  0.1002759 ]\n [ 0.10148401  0.0976225   0.10628268  0.10221069  0.09433423  0.1031096\n   0.10526583  0.10394482  0.09184697  0.09389868]\n [ 0.09178132  0.09616555  0.10149805  0.09725948  0.10472188  0.11091583\n   0.10312883  0.0992464   0.0963341   0.09894855]\n [ 0.09499784  0.09747346  0.11135288  0.10767514  0.08770128  0.10653009\n   0.09708499  0.11336558  0.09004271  0.09377603]\n [ 0.09134141  0.09038364  0.10767001  0.10865556  0.10206827  0.1137632\n   0.10310528  0.09744629  0.08885574  0.09671061]\n [ 0.0993591   0.09886006  0.09747152  0.096763    0.09055896  0.1029632\n   0.10641909  0.09975174  0.10504673  0.10280658]\n [ 0.09420159  0.09588572  0.10894473  0.11211783  0.08537715  0.10525008\n   0.10682121  0.08876202  0.08963803  0.11300158]\n [ 0.09728501  0.09698494  0.10983418  0.10853059  0.10157587  0.11248659\n   0.09636617  0.0804476   0.09063128  0.10585778]\n [ 0.09707493  0.09991024  0.09774957  0.10317849  0.10203423  0.10155925\n   0.10931224  0.10553718  0.09151014  0.09213369]\n [ 0.09675378  0.08846048  0.10918087  0.11508794  0.0975659   0.10690488\n   0.09590361  0.10422022  0.08683103  0.0990913 ]\n [ 0.08823384  0.09933674  0.10162996  0.10804169  0.10692888  0.09952609\n   0.10399661  0.1019273   0.09847741  0.09190153]\n [ 0.10510489  0.09958822  0.11186216  0.11932215  0.08654677  0.09924865\n   0.10556559  0.09641033  0.08770398  0.08864728]\n [ 0.09893967  0.09167075  0.0998638   0.10771079  0.09572876  0.10856984\n   0.09270447  0.10699848  0.09767436  0.10013907]\n [ 0.0935115   0.10593916  0.09961985  0.10305016  0.10323098  0.10357308\n   0.10187885  0.10463457  0.09575992  0.08880198]\n [ 0.09260048  0.08897381  0.1047514   0.11342321  0.09612735  0.10551532\n   0.09747403  0.09825874  0.10323458  0.0996411 ]\n [ 0.09652607  0.1005009   0.10135823  0.10960257  0.09229284  0.11204857\n   0.09643771  0.10464592  0.09623437  0.09035283]\n [ 0.09427201  0.1006908   0.10040163  0.10221259  0.09772919  0.10313129\n   0.11307868  0.09813949  0.09848813  0.09185617]\n [ 0.09280246  0.08227196  0.11119158  0.11919818  0.09577733  0.10751039\n   0.10001113  0.10494995  0.0926017   0.09368539]\n [ 0.09814505  0.09489025  0.11306029  0.11372752  0.09210386  0.09683599\n   0.10296282  0.09776318  0.08924877  0.10126216]\n [ 0.09922145  0.09635632  0.10470672  0.11013845  0.08914868  0.10727597\n   0.09876945  0.09361739  0.09171496  0.10905068]\n [ 0.09906591  0.09711839  0.09792028  0.10604652  0.1049374   0.10422534\n   0.10093411  0.09926072  0.09257457  0.0979168 ]\n [ 0.08922803  0.09599661  0.10742162  0.10300916  0.09841015  0.10850494\n   0.10951982  0.10087422  0.08713639  0.09989908]\n [ 0.09620572  0.09693708  0.10074882  0.10159005  0.09962271  0.10559712\n   0.10361613  0.09877157  0.10276572  0.09414508]\n [ 0.10136533  0.09869503  0.09911235  0.09982027  0.09409594  0.11284199\n   0.10397869  0.09820531  0.09215493  0.09973017]\n [ 0.09920139  0.09741177  0.10317706  0.10294761  0.09514671  0.10671058\n   0.10125554  0.10113122  0.09332383  0.09969424]\n [ 0.09657437  0.09525538  0.10285591  0.12041932  0.08502472  0.10124037\n   0.09951757  0.10603818  0.09066035  0.10241383]\n [ 0.09416027  0.09689641  0.10548328  0.10611181  0.08815714  0.10794777\n   0.10083672  0.10399059  0.1031202   0.0932958 ]\n [ 0.09014369  0.09346737  0.10659645  0.11363696  0.09723233  0.1086379\n   0.10480982  0.10137698  0.08932269  0.09477582]\n [ 0.08678409  0.09826165  0.10927737  0.10259521  0.09330838  0.09141526\n   0.10891838  0.10808837  0.09841219  0.10293907]\n [ 0.09871703  0.101655    0.10642697  0.1080542   0.09050726  0.10719958\n   0.10252926  0.09965935  0.09618124  0.08907013]\n [ 0.09213267  0.10002831  0.10806677  0.11875723  0.09437305  0.10086958\n   0.09867837  0.09606482  0.09076641  0.10026281]\n [ 0.09229439  0.09877834  0.10962369  0.10761844  0.10960347  0.10965706\n   0.09952039  0.09136254  0.08778279  0.09375892]\n [ 0.11037442  0.09153401  0.10462246  0.11556903  0.09345022  0.09824918\n   0.09768243  0.09776962  0.08665794  0.10409066]\n [ 0.09477808  0.09808599  0.11158805  0.10166618  0.09694008  0.10035253\n   0.10015131  0.10621445  0.09511646  0.09510691]\n [ 0.09404377  0.09749033  0.10573861  0.11035508  0.10920042  0.09844147\n   0.10573491  0.09035333  0.09667205  0.09197   ]\n [ 0.09417161  0.10253745  0.1008775   0.10174742  0.1028294   0.10106973\n   0.1025742   0.10182144  0.09454023  0.09783108]\n [ 0.09797636  0.10440372  0.10581638  0.1062735   0.09396075  0.097977\n   0.1029674   0.1031526   0.08744269  0.10002959]\n [ 0.09277081  0.10135454  0.10238787  0.10691398  0.10047275  0.10325298\n   0.10325565  0.09426101  0.09452546  0.10080491]\n [ 0.08933581  0.09925495  0.09950415  0.10703915  0.10602238  0.10699106\n   0.10529141  0.09881575  0.09627705  0.09146826]\n [ 0.0974142   0.09037681  0.10171826  0.11322045  0.10201377  0.10334883\n   0.09246737  0.10969566  0.09081898  0.09892568]\n [ 0.09656913  0.09244952  0.10197148  0.1046344   0.08429986  0.10989702\n   0.10680816  0.10739114  0.0947511   0.10122813]\n [ 0.08796268  0.10055331  0.10636371  0.10086133  0.08928063  0.10979812\n   0.1014891   0.10681449  0.0996189   0.09725773]\n [ 0.09737965  0.10395417  0.09898858  0.10493191  0.09521872  0.10665854\n   0.09366775  0.10093164  0.09026754  0.10800149]\n [ 0.09642877  0.10351896  0.09894022  0.10301439  0.10328557  0.10491619\n   0.10331351  0.09827066  0.09650268  0.09180905]\n [ 0.09452989  0.09124707  0.10424972  0.10459742  0.09783813  0.10223309\n   0.10679279  0.10488739  0.09353969  0.10008478]\n [ 0.09546724  0.09818154  0.11201156  0.11609067  0.09055601  0.10430472\n   0.10141668  0.09528672  0.09270355  0.09398133]\n [ 0.09772165  0.08637656  0.11224452  0.09984402  0.09427562  0.11454905\n   0.09138257  0.09871201  0.09975104  0.10514303]\n [ 0.0962686   0.11021432  0.09877726  0.0953228   0.09242985  0.10970856\n   0.1034492   0.10307872  0.09512058  0.09563013]\n [ 0.09306113  0.10319611  0.09509451  0.1038871   0.09753259  0.10735371\n   0.10846403  0.09982334  0.09536631  0.09622118]\n [ 0.09083275  0.1005841   0.10362395  0.10591549  0.0938393   0.11691315\n   0.10364617  0.10050032  0.08794732  0.09619744]\n [ 0.09363046  0.09557521  0.10616567  0.11760595  0.08791745  0.09934106\n   0.1028117   0.10201848  0.08897655  0.1059575 ]\n [ 0.09477634  0.09249788  0.10295624  0.10505308  0.09975971  0.10741596\n   0.10624412  0.10304233  0.09523106  0.09302329]\n [ 0.09467119  0.09957775  0.10598744  0.11514106  0.10262363  0.10251556\n   0.1065894   0.08830905  0.09355418  0.09103072]\n [ 0.09608106  0.09684672  0.10192577  0.10287356  0.10374983  0.10314696\n   0.10498425  0.1013091   0.09172343  0.09735937]\n [ 0.09505044  0.10082379  0.10689116  0.11209352  0.09843827  0.10664976\n   0.09868754  0.09684669  0.09151431  0.09300444]\n [ 0.08499026  0.09563444  0.11154953  0.11339061  0.10296925  0.10070614\n   0.11326238  0.09973589  0.08663216  0.0911293 ]\n [ 0.09714128  0.09779426  0.10613981  0.10373639  0.09948792  0.10530844\n   0.09935572  0.10110351  0.09488608  0.09504657]\n [ 0.09813525  0.0961005   0.10630652  0.10645684  0.09624317  0.10454271\n   0.10602682  0.10351699  0.09061883  0.0920524 ]\n [ 0.10005045  0.09951244  0.10630707  0.10408691  0.09343614  0.1006569\n   0.09521473  0.11439349  0.09384065  0.09250123]\n [ 0.09326833  0.08985712  0.10983539  0.10709891  0.0978949   0.10999127\n   0.10041171  0.09428785  0.0877292   0.10962532]] (7.928 sec)\n"
     ]
    },
    {
     "name": "stdout",
     "output_type": "stream",
     "text": [
      "INFO:tensorflow:global_step/sec: 6.09727\n"
     ]
    },
    {
     "name": "stdout",
     "output_type": "stream",
     "text": [
